1	-769.951680 	-96.243960 
6	-770.912490 	-96.364061 
7	-769.722730 	-96.215341 
8	-769.922100 	-96.240263 
9	-770.051440 	-96.256430 
10	-769.799240 	-96.224905 
11	-770.631830 	-96.328979 
12	-771.084100 	-96.385513 
13	-769.765940 	-96.220743 
14	-769.333150 	-96.166644 
15	-769.754910 	-96.219364 
17	-770.925010 	-96.365626 
18	-768.589700 	-96.073713 
19	-770.988460 	-96.373558 
20	-770.359560 	-96.294945 
21	-770.848810 	-96.356101 
22	-768.146650 	-96.018331 
23	-766.772080 	-95.846510 
24	-771.090610 	-96.386326 
