1	-782.684950 	-97.835619 
2	-782.274010 	-97.784251 
3	-781.873550 	-97.734194 
4	-782.192870 	-97.774109 
5	-782.284050 	-97.785506 
6	-782.213910 	-97.776739 
7	-782.368940 	-97.796118 
8	-782.216170 	-97.777021 
9	-781.548430 	-97.693554 
10	-781.890990 	-97.736374 
11	-781.808300 	-97.726038 
12	-781.503640 	-97.687955 
13	-782.279810 	-97.784976 
14	-782.051800 	-97.756475 
15	-780.670240 	-97.583780 
16	-780.535940 	-97.566993 
17	-782.684510 	-97.835564 
18	-781.425710 	-97.678214 
19	-782.163810 	-97.770476 
20	-783.209930 	-97.901241 
21	-782.002730 	-97.750341 
22	-782.562730 	-97.820341 
23	-783.279980 	-97.909998 
24	-782.063350 	-97.757919 
25	-782.824290 	-97.853036 
26	-782.641330 	-97.830166 
27	-781.117880 	-97.639735 
28	-782.976010 	-97.872001 
29	-782.035980 	-97.754498 
30	-782.393670 	-97.799209 
31	-781.858630 	-97.732329 
32	-782.355370 	-97.794421 
33	-780.780000 	-97.597500 
