1	-776.587600 	-97.073450 
2	-776.894180 	-97.111773 
3	-776.564600 	-97.070575 
4	-777.151940 	-97.143993 
5	-776.984910 	-97.123114 
6	-777.439870 	-97.179984 
9	-776.202400 	-97.025300 
10	-776.527260 	-97.065908 
11	-775.753640 	-96.969205 
16	-776.338590 	-97.042324 
17	-775.931350 	-96.991419 
18	-776.705350 	-97.088169 
19	-776.037680 	-97.004710 
20	-776.444070 	-97.055509 
21	-776.784880 	-97.098110 
22	-777.204300 	-97.150538 
23	-777.125590 	-97.140699 
24	-776.518960 	-97.064870 
25	-777.131910 	-97.141489 
26	-776.411270 	-97.051409 
27	-776.297690 	-97.037211 
29	-775.875570 	-96.984446 
30	-776.759580 	-97.094948 
31	-775.792500 	-96.974063 
32	-777.155070 	-97.144384 
33	-776.414770 	-97.051846 
34	-776.292810 	-97.036601 
37	-776.752770 	-97.094096 
38	-776.027590 	-97.003449 
43	-776.871360 	-97.108920 
45	-776.470770 	-97.058846 
46	-776.393260 	-97.049158 
59	-774.522670 	-96.815334 
60	-776.849090 	-97.106136 
63	-775.394730 	-96.924341 
64	-776.443790 	-97.055474 
65	-776.330920 	-97.041365 
66	-774.991860 	-96.873983 
71	-776.416510 	-97.052064 
76	-775.425990 	-96.928249 
77	-776.386350 	-97.048294 
78	-776.542700 	-97.067838 
79	-776.711910 	-97.088989 
80	-776.419490 	-97.052436 
81	-776.421090 	-97.052636 
82	-776.322230 	-97.040279 
83	-776.685520 	-97.085690 
84	-776.153140 	-97.019143 
85	-776.817410 	-97.102176 
86	-776.884660 	-97.110583 
87	-776.966830 	-97.120854 
88	-776.409310 	-97.051164 
89	-776.833450 	-97.104181 
90	-775.777750 	-96.972219 
91	-777.112940 	-97.139118 
92	-776.433150 	-97.054144 
93	-776.593140 	-97.074143 
95	-775.171860 	-96.896483 
97	-776.768670 	-97.096084 
98	-776.464200 	-97.058025 
99	-775.963270 	-96.995409 
100	-776.940670 	-97.117584 
101	-776.804620 	-97.100578 
103	-776.081580 	-97.010198 
105	-776.798690 	-97.099836 
107	-775.301030 	-96.912629 
109	-776.269020 	-97.033628 
112	-776.265250 	-97.033156 
115	-777.171190 	-97.146399 
116	-775.571870 	-96.946484 
120	-776.759760 	-97.094970 
121	-777.330370 	-97.166296 
125	-776.608520 	-97.076065 
127	-776.866250 	-97.108281 
130	-777.398200 	-97.174775 
131	-775.817940 	-96.977243 
135	-776.569180 	-97.071148 
147	-775.971730 	-96.996466 
151	-775.722770 	-96.965346 
152	-774.349620 	-96.793703 
153	-776.536200 	-97.067025 
155	-775.698830 	-96.962354 
163	-775.951720 	-96.993965 
168	-774.486690 	-96.810836 
171	-774.340120 	-96.792515 
174	-776.372770 	-97.046596 
180	-776.536760 	-97.067095 
181	-771.725310 	-96.465664 
185	-777.019280 	-97.127410 
187	-776.340660 	-97.042583 
188	-776.502250 	-97.062781 
189	-776.465100 	-97.058138 
190	-776.653480 	-97.081685 
191	-775.497790 	-96.937224 
192	-776.495460 	-97.061933 
193	-776.084020 	-97.010503 
194	-776.505720 	-97.063215 
196	-777.055580 	-97.131948 
197	-777.210500 	-97.151313 
198	-777.697850 	-97.212231 
199	-777.279060 	-97.159883 
200	-777.244120 	-97.155515 
201	-777.644230 	-97.205529 
203	-776.105080 	-97.013135 
204	-775.995430 	-96.999429 
207	-776.421590 	-97.052699 
208	-775.890460 	-96.986308 
210	-777.016110 	-97.127014 
213	-777.064570 	-97.133071 
215	-776.802960 	-97.100370 
216	-775.807120 	-96.975890 
217	-777.031580 	-97.128948 
218	-777.118320 	-97.139790 
219	-777.284420 	-97.160553 
220	-777.810430 	-97.226304 
221	-776.496410 	-97.062051 
222	-777.192550 	-97.149069 
223	-775.469970 	-96.933746 
225	-777.223430 	-97.152929 
226	-777.784640 	-97.223080 
227	-776.545950 	-97.068244 
228	-777.680090 	-97.210011 
229	-776.026460 	-97.003308 
230	-776.474880 	-97.059360 
232	-776.799600 	-97.099950 
236	-777.343740 	-97.167968 
237	-776.979740 	-97.122468 
238	-775.976850 	-96.997106 
242	-775.780460 	-96.972558 
248	-771.955970 	-96.494496 
