2472	-783.206950 	-97.900869 
37	-779.446270 	-97.430784 
70	-781.429780 	-97.678723 
106	-779.874040 	-97.484255 
192	-781.434780 	-97.679348 
253	-781.420290 	-97.677536 
256	-780.550820 	-97.568853 
272	-780.986710 	-97.623339 
284	-781.875060 	-97.734383 
352	-782.161110 	-97.770139 
355	-779.785120 	-97.473140 
383	-781.593840 	-97.699230 
414	-781.317240 	-97.664655 
496	-780.517330 	-97.564666 
504	-783.090480 	-97.886310 
535	-782.614990 	-97.826874 
552	-781.557070 	-97.694634 
567	-782.770380 	-97.846298 
604	-780.302260 	-97.537783 
632	-781.744110 	-97.718014 
644	-782.231370 	-97.778921 
653	-782.542280 	-97.817785 
739	-781.232420 	-97.654053 
761	-782.316380 	-97.789548 
777	-779.760370 	-97.470046 
817	-778.352010 	-97.294001 
821	-779.442270 	-97.430284 
825	-780.691650 	-97.586456 
863	-781.445440 	-97.680680 
874	-780.586680 	-97.573335 
909	-781.855120 	-97.731890 
966	-781.558090 	-97.694761 
967	-779.701710 	-97.462714 
1053	-780.366820 	-97.545853 
1074	-782.221580 	-97.777698 
1080	-780.419870 	-97.552484 
1112	-781.891210 	-97.736401 
1144	-781.074050 	-97.634256 
1168	-782.901760 	-97.862720 
1176	-782.754540 	-97.844318 
1193	-780.838480 	-97.604810 
1348	-780.675970 	-97.584496 
1365	-781.497930 	-97.687241 
1380	-781.006920 	-97.625865 
1409	-780.697570 	-97.587196 
1426	-781.350450 	-97.668806 
1473	-780.897480 	-97.612185 
1474	-778.276130 	-97.284516 
1492	-780.010540 	-97.501318 
1587	-780.317920 	-97.539740 
1609	-778.969050 	-97.371131 
1617	-781.979950 	-97.747494 
1633	-781.743290 	-97.717911 
1650	-782.944520 	-97.868065 
1651	-781.252230 	-97.656529 
1710	-780.380470 	-97.547559 
1720	-782.825940 	-97.853243 
1767	-781.607970 	-97.700996 
1801	-782.416750 	-97.802094 
1835	-781.916560 	-97.739570 
1840	-781.049490 	-97.631186 
1849	-780.465170 	-97.558146 
1861	-780.499640 	-97.562455 
1901	-778.219740 	-97.277468 
1911	-781.466990 	-97.683374 
1965	-781.574710 	-97.696839 
2021	-781.228100 	-97.653513 
2024	-782.592350 	-97.824044 
2051	-781.088520 	-97.636065 
2080	-781.704000 	-97.713000 
2142	-779.502010 	-97.437751 
2181	-779.943910 	-97.492989 
2268	-780.754910 	-97.594364 
2311	-779.965550 	-97.495694 
2380	-779.077250 	-97.384656 
2399	-777.643610 	-97.205451 
2400	-778.498660 	-97.312333 
2466	-783.629810 	-97.953726 
2483	-782.987900 	-97.873488 
