  Cl  F   Mn  O   P
 284  42 3197 6290 109
 243  41 3208 6330 105
 267  53 3194 6294 110
 240  57 3203 6317  93
 276  57 3197 6285 107
 256  45 3201 6313  99
 246  43 3204 6327  99
 270  84 3196 6262  99
 277  56 3198 6281 111
 267  46 3198 6303 106
 286  34 3196 6296 108
 236  58 3206 6320 102
 271  49 3200 6294  96
 291  52 3194 6271  99
 269  55 3200 6292 106
 263  52 3198 6303 110
 272  47 3196 6299 102
 258  47 3204 6309 104
 272  31 3205 6311  94
 272  47 3197 6299 108
 256  45 3204 6313 106
 286  56 3198 6272 100
 245  58 3200 6315 113
 257  59 3198 6298 110
 274  57 3192 6287 108
 260  38 3200 6316 107
 267  69 3197 6280 116
 310  39 3194 6265 105
 264  57 3199 6293 108
 266  41 3205 6309 113
 281  51 3194 6286 114
 205  65 3208 6344  90
 285  47 3193 6284 113
 277  41 3201 6296  98
 248  44 3201 6324 106
 244  58 3201 6312  90
 268  50 3200 6298  99
 235  48 3205 6335 104
 271  39 3199 6306 101
 259  42 3201 6317  98
 238  43 3207 6335 106
 279  42 3195 6297 119
 243  67 3201 6306  94
 279  62 3196 6277 110
 257  43 3207 6316  99
 248  52 3207 6314  95
 250  46 3203 6322 105
 248  50 3206 6316 103
 263  54 3195 6297 108
 313  52 3188 6253 115
 276  39 3194 6299 111
 260  45 3202 6309 108
 267  46 3201 6301 104
 229  44 3207 6341 101
 288  48 3194 6278 110
 244  53 3206 6321  90
 259  34 3206 6321  97
 267  46 3200 6301 106
 284  52 3200 6278  96
 266  51 3198 6297 105
 190  53 3215 6371  96
 248  68 3203 6302  93
 253  40 3206 6321 100
 257  33 3207 6326  90
 261  67 3195 6286 113
 207  46 3215 6365  92
 281  57 3192 6276 105
 299  51 3192 6268 102
 211  69 3212 6338  92
 221  37 3212 6356 105
 282  58 3195 6278 113
 308  54 3189 6252 110
 279  52 3195 6287 110
 251  49 3204 6316 101
 204  54 3214 6356  90
 270  44 3199 6304 106
 258  67 3198 6289 102
 285  43 3198 6286 106
 264  43 3202 6307 107
 305  61 3191 6248 108
 246  56 3200 6316 104
 278  35 3199 6305 110
 276  35 3202 6303  96
 254  69 3201 6295 106
 282  69 3190 6265 105
 288  38 3200 6288 110
 289  57 3192 6268 118
 251  53 3205 6312 100
 293  55 3190 6266 120
 249  37 3208 6328  92
 294  60 3192 6264 113
 249  46 3206 6321 108
 289  49 3195 6276  97
 292  57 3192 6265 114
 266  35 3203 6313 109
 249  51 3203 6318  94
 248  41 3206 6325 101
 267  49 3199 6300 105
 267  73 3197 6276 101
 251  46 3200 6317 114
